683732223
986044155
1601562101
402313262
915435346
1573402422
886739259
1358210027
1031968660
1003315896
1270877187
565948033
1337443440
677099906
72977984
972500827
1022508196
918081790
853695221
1378118525
945568390
707396888
876615372
1282794815
1142369387
1476731851
1452632136
905221024
662734947
1244753751
1017502609
818320016
842713860
819341155
848538320
870351104
619440987
898181284
998293809
1683276798
1292698046
1403594883
1263780699
560017876
1581714884
1378365734
1581440532
1434036885
1017280630
1476974208
1268456466
1149320941
732137907
1476805496
1688095236
1453384134
1471150674
1484961255
1096455409
1390009163
126720796
391497545
1482024883
1139919716
507130741
1219026622
1389879591
1438815963
1479834057
1372660243
1304828699
940111490
507130741
836823256
1304861937
1214778096
1181162958
841582379
1445541338
932341689
1297508739
994660843
922687703
759564458
706992299
544853868
